1 0.2722159730033746 0.48581459534053095 0.03374578177727784 0.03153665070216739
1 0.35151856017997746 0.47530237843980844 0.023622047244094446 0.019522688529913096
1 0.39032620922384703 0.40396947804204886 0.022497187851518562 0.02703141488757204
1 0.46231721034870643 0.3949590064128583 0.022497187851518562 0.02703141488757204
1 0.8959505061867268 0.3469031577238412 0.0281214848143982 0.02402792434450852
1 0.8228346456692912 0.35741537462456363 0.023622047244094377 0.030034905430635563
1 0.5556805399325084 0.4505235814595341 0.015748031496062964 0.02402792434450845
1 0.6175478065241845 0.44301485510187516 0.02024746906636665 0.02402792434450852
0 0.8706411698537682 0.5271125903076549 0.015748031496062964 0.02102443380144493
0 0.6152980877390326 0.5421300430229726 0.013498312710911193 0.02402792434450852
0 0.8908886389201349 0.5286143355791866 0.015748031496063106 0.02402792434450838
1 0.8087739032620922 0.4257447844792597 0.022497187851518562 0.022526179072976688
